Pine_isa,     1 0 0 0 0 0 0 0 1 0 0 0,    1 1 0 1 0 0 0 1 0 0 0 0 0 0 0 0 0 0 0 0 0 0 0 0 0 0 0 0 0 0 0 0 0 0 0 0,
Pine_is,      1 0 0 0 0 0 0 0 0 1 0 0,    0 0 0 0 0 0 0 0 0 0 0 0 0 0 0 1 1 1 1 0 0 0 0 0 0 0 0 0 0 0 0 0 0 0 0 0,
Pine_can,     1 0 0 0 0 0 0 0 0 0 1 0,    0 0 0 0 0 0 0 0 0 0 0 0 0 0 0 0 0 0 0 0 0 1 0 0 0 0 0 0 0 0 0 0 0 0 0 0,
Pine_has,     1 0 0 0 0 0 0 0 0 0 0 1,    0 0 0 0 0 0 0 0 0 0 0 0 0 0 0 0 0 0 0 0 0 0 0 0 0 0 0 1 1 1 1 1 0 0 0 0,

Pine_isa,     1 0 0 0 0 0 0 0 1 0 0 0,    1 1 0 1 0 0 0 0 0 0 1 0 0 0 0 0 0 0 0 0 0 0 0 0 0 0 0 0 0 0 0 0 0 0 0 0,
Pine_is,      1 0 0 0 0 0 0 0 0 1 0 0,    0 0 0 0 0 0 0 0 0 0 0 0 0 0 0 1 1 1 1 0 0 0 0 0 0 0 0 0 0 0 0 0 0 0 0 0,
Pine_can,     1 0 0 0 0 0 0 0 0 0 1 0,    0 0 0 0 0 0 0 0 0 0 0 0 0 0 0 0 0 0 0 0 0 1 0 0 0 0 0 0 0 0 0 0 0 0 0 0,
Pine_has,     1 0 0 0 0 0 0 0 0 0 0 1,    0 0 0 0 0 0 0 0 0 0 0 0 0 0 0 0 0 0 0 0 0 0 0 0 0 0 0 1 1 1 1 1 0 0 0 0,

Pine_isa,     1 0 0 0 0 0 0 0 1 0 0 0,    1 1 0 1 0 0 0 0 0 0 0 1 0 0 0 0 0 0 0 0 0 0 0 0 0 0 0 0 0 0 0 0 0 0 0 0,
Pine_is,      1 0 0 0 0 0 0 0 0 1 0 0,    0 0 0 0 0 0 0 0 0 0 0 0 0 0 0 1 1 1 1 0 0 0 0 0 0 0 0 0 0 0 0 0 0 0 0 0,
Pine_can,     1 0 0 0 0 0 0 0 0 0 1 0,    0 0 0 0 0 0 0 0 0 0 0 0 0 0 0 0 0 0 0 0 0 1 0 0 0 0 0 0 0 0 0 0 0 0 0 0,
Pine_has,     1 0 0 0 0 0 0 0 0 0 0 1,    0 0 0 0 0 0 0 0 0 0 0 0 0 0 0 0 0 0 0 0 0 0 0 0 0 0 0 1 1 1 1 1 0 0 0 0,

Pine_isa,     1 0 0 0 0 0 0 0 1 0 0 0,    1 1 0 1 0 0 0 0 0 0 0 0 1 0 0 0 0 0 0 0 0 0 0 0 0 0 0 0 0 0 0 0 0 0 0 0,
Pine_is,      1 0 0 0 0 0 0 0 0 1 0 0,    0 0 0 0 0 0 0 0 0 0 0 0 0 0 0 1 1 1 1 0 0 0 0 0 0 0 0 0 0 0 0 0 0 0 0 0,
Pine_can,     1 0 0 0 0 0 0 0 0 0 1 0,    0 0 0 0 0 0 0 0 0 0 0 0 0 0 0 0 0 0 0 0 0 1 0 0 0 0 0 0 0 0 0 0 0 0 0 0,
Pine_has,     1 0 0 0 0 0 0 0 0 0 0 1,    0 0 0 0 0 0 0 0 0 0 0 0 0 0 0 0 0 0 0 0 0 0 0 0 0 0 0 1 1 1 1 1 0 0 0 0,


Robin_isa,    0 0 0 0 1 0 0 0 1 0 0 0,    1 0 1 0 0 1 0 0 0 1 0 0 0 1 0 0 0 0 0 0 0 0 0 0 0 0 0 0 0 0 0 0 0 0 0 0,
Robin_is,     0 0 0 0 1 0 0 0 0 1 0 0,    0 0 0 0 0 0 0 0 0 0 0 0 0 0 0 1 0 1 0 1 0 0 0 0 0 0 0 0 0 0 0 0 0 0 0 0,
Robin_can,    0 0 0 0 1 0 0 0 0 0 1 0,    0 0 0 0 0 0 0 0 0 0 0 0 0 0 0 0 0 0 0 0 0 1 1 0 1 0 0 0 0 0 0 0 0 0 0 0,
Robin_has,    0 0 0 0 1 0 0 0 0 0 0 1,    0 0 0 0 0 0 0 0 0 0 0 0 0 0 0 0 0 0 0 0 0 0 0 0 0 1 0 0 0 0 0 0 0 1 0 1,

Canary_isa,   0 0 0 0 0 1 0 0 1 0 0 0,    1 0 1 0 0 1 0 0 0 1 0 0 0 1 0 0 0 0 0 0 0 0 0 0 0 0 0 0 0 0 0 0 0 0 0 0,
Canary_is,    0 0 0 0 0 1 0 0 0 1 0 0,    0 0 0 0 0 0 0 0 0 0 0 0 0 0 0 1 0 1 0 1 0 0 0 0 0 0 0 0 0 0 0 0 0 0 0 0,
Canary_can,   0 0 0 0 0 1 0 0 0 0 1 0,    0 0 0 0 0 0 0 0 0 0 0 0 0 0 0 0 0 0 0 0 0 1 1 0 1 0 0 0 0 0 0 0 0 0 0 0,
Canary_has,   0 0 0 0 0 1 0 0 0 0 0 1,    0 0 0 0 0 0 0 0 0 0 0 0 0 0 0 0 0 0 0 0 0 0 0 0 0 1 0 0 0 0 0 0 0 1 0 1,

Sunfish_isa,  0 0 0 0 0 0 1 0 1 0 0 0,    1 0 1 0 0 1 0 0 0 1 0 0 0 1 0 0 0 0 0 0 0 0 0 0 0 0 0 0 0 0 0 0 0 0 0 0,
Sunfish_is,   0 0 0 0 0 0 1 0 0 1 0 0,    0 0 0 0 0 0 0 0 0 0 0 0 0 0 0 1 0 1 0 1 0 0 0 0 0 0 0 0 0 0 0 0 0 0 0 0,
Sunfish_can,  0 0 0 0 0 0 1 0 0 0 1 0,    0 0 0 0 0 0 0 0 0 0 0 0 0 0 0 0 0 0 0 0 0 1 1 1 0 0 0 0 0 0 0 0 0 0 0 0,
Sunfish_has,  0 0 0 0 0 0 1 0 0 0 0 1,    0 0 0 0 0 0 0 0 0 0 0 0 0 0 0 0 0 0 0 0 0 0 0 0 0 0 1 0 0 0 0 0 1 0 0 1,

Salmon_isa,   0 0 0 0 0 0 0 1 1 0 0 0,    1 0 1 0 0 1 0 0 0 1 0 0 0 1 0 0 0 0 0 0 0 0 0 0 0 0 0 0 0 0 0 0 0 0 0 0,
Salmon_is,    0 0 0 0 0 0 0 1 0 1 0 0,    0 0 0 0 0 0 0 0 0 0 0 0 0 0 0 1 0 1 0 1 0 0 0 0 0 0 0 0 0 0 0 0 0 0 0 0,
Salmon_can,   0 0 0 0 0 0 0 1 0 0 1 0,    0 0 0 0 0 0 0 0 0 0 0 0 0 0 0 0 0 0 0 0 1 1 1 0 0 0 0 0 0 0 0 0 0 0 0 0,
Salmon_has,   0 0 0 0 0 0 0 1 0 0 0 1,    0 0 0 0 0 0 0 0 0 0 0 0 0 0 0 0 0 0 0 0 0 0 0 0 0 0 1 0 0 0 0 0 0 0 1 1,
